  5.021836887355136E-002  2.376613744692722E-002  2.910648996722194E-002
  5.021567851145014E-002  2.376512742301029E-002  2.910696578869455E-002
  5.021348038956824E-002  2.376460357987140E-002  2.910821631132524E-002
  5.022002279862051E-002  2.376489503272747E-002  2.911398696068415E-002
  5.022078646597476E-002  2.376141379148811E-002  2.911424775413248E-002
  5.020878555592494E-002  2.375420087170823E-002  2.911188401532627E-002
  5.021559147054401E-002  2.375800359176423E-002  2.911437743852152E-002
  5.021404387156785E-002  2.375805794765298E-002  2.911228339489752E-002
  5.022271734454066E-002  2.375811852428430E-002  2.911696655821648E-002
  5.021169979646371E-002  2.375768483578084E-002  2.911021389404093E-002
  5.021450943003082E-002  2.375866437988514E-002  2.911531567504558E-002
  5.021015635887131E-002  2.375885774475723E-002  2.911440541563039E-002
  5.021100198232566E-002  2.376249969085271E-002  2.912011566837714E-002
  5.021611177817014E-002  2.376396980504018E-002  2.912529443868962E-002
  5.020511968733435E-002  2.376179388742048E-002  2.911742641583829E-002
  5.018106864042908E-002  2.375366817864634E-002  2.910484081581654E-002
  5.020278155463312E-002  2.375753952284527E-002  2.911615348726317E-002
  5.019721990469040E-002  2.375521568261088E-002  2.911046133632664E-002
  5.018263796844434E-002  2.375377305963969E-002  2.910530029888744E-002
  5.018467901709729E-002  2.375116999619362E-002  2.910586609154690E-002
  5.019282846316322E-002  2.375206096908648E-002  2.910847019773469E-002
  5.019523962474040E-002  2.375410887602140E-002  2.910710613435876E-002
  5.017163246566742E-002  2.374812434433900E-002  2.909506215559517E-002
  5.017362315958768E-002  2.374970508358495E-002  2.909428896359164E-002
  5.017873351853973E-002  2.374762984044320E-002  2.909754278021984E-002
  5.016805753553878E-002  2.374577969484593E-002  2.909314162188346E-002
  5.015804069354332E-002  2.374724573809748E-002  2.908738743265963E-002
  5.018613481562249E-002  2.375344386735376E-002  2.910268614272947E-002
  5.017757318147154E-002  2.374985663097193E-002  2.909859392950484E-002
  5.016207430240577E-002  2.374477387478736E-002  2.909010607287384E-002
  5.016471562626870E-002  2.374622322916355E-002  2.909265878253079E-002
  5.014500795055479E-002  2.374106580137452E-002  2.908056175656710E-002
  5.014594679201602E-002  2.374148032079926E-002  2.908101916070699E-002
  5.014153626607711E-002  2.373899106526549E-002  2.908121841734222E-002
  5.012743315362767E-002  2.373958785596315E-002  2.907247206001836E-002
  5.011281355066030E-002  2.373531073082785E-002  2.906498515671068E-002
  5.011128389675658E-002  2.373475627255732E-002  2.906246255587164E-002
  5.011673078091894E-002  2.374079019826507E-002  2.906695982047150E-002
  5.011322684570699E-002  2.374204313313137E-002  2.906367780915647E-002
  5.012452172852513E-002  2.374468739800274E-002  2.906991314386121E-002
  5.011940083419943E-002  2.374713530556552E-002  2.906958990772684E-002
  5.013784534833283E-002  2.375428220628938E-002  2.908546228928155E-002
  5.014008744625995E-002  2.375665984653789E-002  2.908799629025582E-002
  5.014001764898513E-002  2.375722450172505E-002  2.909036535068156E-002
  5.014316280058486E-002  2.375965349265501E-002  2.909065766040279E-002
  5.014248047828578E-002  2.376096052955796E-002  2.909037930797103E-002
  5.013448375947662E-002  2.375933073854726E-002  2.908636216053938E-002
  5.013518830591743E-002  2.375990689861244E-002  2.909004984104860E-002
  5.012940061443141E-002  2.375833013001800E-002  2.908168280206764E-002
  5.012665874672307E-002  2.375772531618203E-002  2.907892907382798E-002
  5.013657087223541E-002  2.376299929527922E-002  2.908404747650641E-002
  5.013292507352126E-002  2.376366345628188E-002  2.908069533979461E-002
  5.012585207360305E-002  2.376414269111581E-002  2.907441261922006E-002
  5.012697750763928E-002  2.376136816190857E-002  2.907507630836409E-002
  5.011600945529211E-002  2.376020644309003E-002  2.906921110629798E-002
  5.011646418520287E-002  2.375648885264710E-002  2.906975349539249E-002
  5.011471629951606E-002  2.375730436020981E-002  2.906965604744289E-002
  5.012921864443086E-002  2.376236184602930E-002  2.907926511752030E-002
  5.013869188286574E-002  2.376476853778591E-002  2.908494479516406E-002
  5.013865468512340E-002  2.376500422412917E-002  2.908137622048215E-002
  5.014218302402029E-002  2.377117926765412E-002  2.908440093265290E-002
  5.013713138844147E-002  2.377180725930517E-002  2.908213755789238E-002
  5.014491847154919E-002  2.377575019174157E-002  2.908692780490754E-002
  5.015060151532417E-002  2.377275035669309E-002  2.909111489614170E-002
  5.014311113075735E-002  2.376855739249938E-002  2.908650194450205E-002
  5.015333009499208E-002  2.377251906455622E-002  2.908952102543907E-002
  5.017093452395713E-002  2.377468619932130E-002  2.909823932673608E-002
  5.016319012370728E-002  2.377557162080519E-002  2.909348889580564E-002
  5.013705527464576E-002  2.377153723660401E-002  2.907760321576358E-002
  5.014956413680689E-002  2.377291837263720E-002  2.908379366642812E-002
  5.015267191493166E-002  2.376980516010531E-002  2.908482210322830E-002
  5.016906886482541E-002  2.377239419190663E-002  2.909285768977445E-002
  5.017073584323538E-002  2.377296531865281E-002  2.909926638328682E-002
  5.016758217994999E-002  2.377402748764480E-002  2.909699548867663E-002
  5.018275601239105E-002  2.377312870678503E-002  2.910424529210810E-002
  5.017929516194931E-002  2.377179422070096E-002  2.909955033889831E-002
  5.017187772915793E-002  2.377361994808849E-002  2.909592613912451E-002
  5.016661448423270E-002  2.377894307250387E-002  2.909547196039838E-002
  5.016158742558902E-002  2.377675820351118E-002  2.909358938678431E-002
  5.016583964675714E-002  2.377528499446205E-002  2.909673486960215E-002
  5.015263880938480E-002  2.377493738296730E-002  2.909080776862708E-002
  5.016364117804929E-002  2.377628828423867E-002  2.909560426286421E-002
  5.016402613508125E-002  2.377873918703901E-002  2.909635476239500E-002
  5.015307402428749E-002  2.377350271208770E-002  2.908772719564783E-002
  5.015547977879300E-002  2.377690777937782E-002  2.908967353440034E-002
  5.015274399080986E-002  2.377938630761075E-002  2.908871247921067E-002
  5.014977008772770E-002  2.378001006189910E-002  2.908519908055541E-002
  5.015091652504713E-002  2.377661208674564E-002  2.908587157404159E-002
  5.014629927978528E-002  2.377888823732357E-002  2.908364234896895E-002
  5.015606790646584E-002  2.378336490310153E-002  2.908968055076224E-002
  5.016563129287106E-002  2.378637205143112E-002  2.909701544566085E-002
  5.017588277018033E-002  2.378776401436089E-002  2.910207492075467E-002
  5.017573946685700E-002  2.378917977888229E-002  2.910388620741387E-002
  5.017318887121529E-002  2.378914229586932E-002  2.910156686630236E-002
  5.018301504269990E-002  2.379120814231103E-002  2.910620755657084E-002
  5.017425155874797E-002  2.378808785854499E-002  2.910013303661005E-002
  5.019165872968829E-002  2.379218267941815E-002  2.911038680802719E-002
  5.017939514196355E-002  2.378736670313962E-002  2.909991380260901E-002
  5.018394765958571E-002  2.378399180931259E-002  2.910270425647444E-002
  5.018311915727593E-002  2.378444772301308E-002  2.910221229406148E-002
