   6.37095616574473       0.113153931753518       -3.89176979711105     
   6.37102147311252       0.113256454381103       -3.89177385115459     
   6.37096486839329       0.113227722757389       -3.89183965995402     
   6.37229850729689       0.114709539327259       -3.89296225233546     
   6.37220968949673       0.114562568625673       -3.89279207932778     
   6.37018546309899       0.116194014082194       -3.89212528978643     
   6.37145065489188       0.116596991304423       -3.89278698641938     
   6.37187271632320       0.115832394843751       -3.89259710175235     
   6.37304158447466       0.115442165655309       -3.89310307300899     
   6.37163004774051       0.115227312990345       -3.89213010493150     
   6.37161406587087       0.115233650871720       -3.89247078006524     
   6.37089272341667       0.116300312825244       -3.89246878791924     
   6.37064741820869       0.118223854097612       -3.89315575972613     
   6.37187133279464       0.118640010760171       -3.89409294938620     
   6.36959316472901       0.118609398056048       -3.89287666725424     
   6.36584198425528       0.119879391998164       -3.89075875519706     
   6.37023160754520       0.118529699397068       -3.89295876092413     
   6.37030514074055       0.117275809787709       -3.89244318535275     
   6.36799011967879       0.118886062963490       -3.89170934409441     
   6.36821062346489       0.118565416746965       -3.89174351630067     
   6.36888864338614       0.118784107701011       -3.89185899263153     
   6.36977755337264       0.118230570280810       -3.89221873494653     
   6.36642578671433       0.118251264320533       -3.89030884458915     
   6.36619995015502       0.118627555360262       -3.89020690093590     
   6.36696782285324       0.118546262136131       -3.89049489536264     
   6.36502365166649       0.119357381908587       -3.88967542362750     
   6.36321466224687       0.119827797614151       -3.88867749669752     
   6.36762911977232       0.119463536049588       -3.89122767920586     
   6.36437598913469       0.120342704501792       -3.88976458926795     
   6.36162642098643       0.120137749041490       -3.88820863690681     
   6.36121981191899       0.120818258773881       -3.88820475743367     
   6.35784943711078       0.120459034386674       -3.88593724238266     
   6.35927345460014       0.120011130993277       -3.88657708153509     
   6.35874843293449       0.120214660448214       -3.88648171875203     
   6.35676078881495       0.120351053212319       -3.88525091892195     
   6.35354301393394       0.120975284225169       -3.88356249953006     
   6.35231536246448       0.121360165986402       -3.88291528493769     
   6.35276311542461       0.122818365505713       -3.88365039347864     
   6.35159133738932       0.123119665619115       -3.88298323587786     
   6.35300147336376       0.122897781906135       -3.88386650491710     
   6.35278274680619       0.122974449479223       -3.88398327785079     
   6.35692614962694       0.123879882094840       -3.88685083224849     
   6.35768608211438       0.123547931223059       -3.88746490179170     
   6.35886761080284       0.123806445508278       -3.88817856659479     
   6.35884814007602       0.123682784842448       -3.88803001570064     
   6.35903698449112       0.124027413042359       -3.88831733130923     
   6.35819386016619       0.123817591491056       -3.88766318284700     
   6.35741770636099       0.125882042774325       -3.88784947797186     
   6.35673208780174       0.123963323809416       -3.88663992317304     
   6.35712095704159       0.123247609115995       -3.88654316435845     
   6.36008102303617       0.121355217532214       -3.88778003290073     
   6.35913934853034       0.121002103496612       -3.88721917948598     
   6.35754530393583       0.120582781201177       -3.88623691521496     
   6.35822206199582       0.120027371082798       -3.88632469168100     
   6.35463978544915       0.121556097197301       -3.88481283530280     
   6.35356263228240       0.121304504053569       -3.88428744753341     
   6.35285067264752       0.121293617604538       -3.88419573774849     
   6.35521308589445       0.120488844340854       -3.88569879067060     
   6.35762059727425       0.120956417319362       -3.88707766766235     
   6.35718685226843       0.119478058161115       -3.88635004164935     
   6.35755459767623       0.119228125625671       -3.88673269902933     
   6.35669131260558       0.119699855280859       -3.88637145545410     
   6.35913741505579       0.119267242690443       -3.88755460795566     
   6.35968378670563       0.119623328568162       -3.88805860112488     
   6.35837085613833       0.118899915650429       -3.88699862542322     
   6.35966186824765       0.117860299377122       -3.88751660450327     
   6.36270114182540       0.118259863612117       -3.88905649167550     
   6.36210530811730       0.117744852836355       -3.88857169399716     
   6.35846600742094       0.118124573581267       -3.88640810135764     
   6.36070357668732       0.117426505189242       -3.88743855562997     
   6.36235001123816       0.116059231711617       -3.88779839823859     
   6.36513286000070       0.114652987613925       -3.88916603863480     
   6.36664836540201       0.115659572884376       -3.89042801200749     
   6.36588121076459       0.115308196267783       -3.89011747614344     
   6.36784059759590       0.115332608567284       -3.89118654715870     
   6.36715519000097       0.115056601802226       -3.89062175779038     
   6.36666262331138       0.115230308174644       -3.89042494078626     
   6.36597656591909       0.115469036131675       -3.89023710420976     
   6.36481881951883       0.116748177905892       -3.88981093296817     
   6.36471953638559       0.116906712351931       -3.88994005425574     
   6.36272174666920       0.116615537434468       -3.88892714510562     
   6.36473070573062       0.116514698160427       -3.88994324227696     
   6.36444037131601       0.117599444500502       -3.89004376793759     
   6.36169462692048       0.117036335292570       -3.88826372780669     
   6.36294444325131       0.116884083608823       -3.88884128589867     
   6.36326150407593       0.116417739047934       -3.88883627126116     
   6.36279928885596       0.116055210102931       -3.88829507299878     
   6.36341615573353       0.116395925606502       -3.88854159621489     
   6.36224040905863       0.116611533138023       -3.88791810803412     
   6.36458880403451       0.117149592716393       -3.88918460557107     
   6.36623493433161       0.117576488472392       -3.89036077901249     
   6.36842246619687       0.116707572247139       -3.89123554931443     
   6.36797293490024       0.117808308089469       -3.89151593700278     
   6.36788237753662       0.118174700508774       -3.89138537137705     
   6.37010094487546       0.117394439373535       -3.89228817213424     
   6.36782974109723       0.117197923230929       -3.89081521553274     
   6.37074187551046       0.118488238834839       -3.89290515801534     
   6.36729366531456       0.119664982634817       -3.89096902981857     
   6.36738274246968       0.118972568023525       -3.89103075298543     
   6.36742050748353       0.119343685708680       -3.89117539370795     
