  0.000000000000000E+000   1.00000000000000       0.000000000000000E+000
  -2.55868950044518       -2.04746492076335       0.592415942508033     
  0.687229589829110     
  0.000000000000000E+000   1.00000000000000       2.299065503784918E-002
  -2.49624566039781       -2.00092026385711       0.602921220391943     
  0.697039622937950     
  0.000000000000000E+000   1.00000000000000       5.126701226639210E-002
  -2.42234679850998       -1.94542880103337       0.615665732373175     
  0.709107836927943     
  0.000000000000000E+000   1.00000000000000       8.604428924261923E-002
  -2.33553705129780       -1.87967893394295       0.631120041304644     
  0.723538969003310     
  0.000000000000000E+000   1.00000000000000       0.128817090000008     
  -2.23442464712211       -1.80233282268748       0.650025204078631     
  0.741250154134853     
  0.000000000000000E+000   1.00000000000000       0.181423637829555     
  -2.11778393602470       -1.71209486999355       0.672965247610571     
  0.762676090597207     
  0.000000000000000E+000   1.00000000000000       0.246124775597914     
  -1.98467274772048       -1.60780018867481       0.700479267959427     
  0.788874706186808     
  0.000000000000000E+000   1.00000000000000       0.325701128756159     
  -1.83455381321757       -1.48851893274295       0.733804165791240     
  0.820221045749213     
  0.000000000000000E+000   1.00000000000000       0.423572606760718     
  -1.66740294452601       -1.35366557164209       0.773810079446213     
  0.858183351760157     
  0.000000000000000E+000   1.00000000000000       0.543945378653749     
  -1.48378304804745       -1.20309936623727       0.821599118817960     
  0.903456087391477     
  0.000000000000000E+000   1.00000000000000       0.691992639292204     
  -1.28486620651297       -1.03719781841064       0.878495799470281     
  0.957824664962068     
  0.000000000000000E+000   1.00000000000000       0.874076934917031     
  -1.07239236976343      -0.856885938163371       0.945908945839771     
   1.02242803221830     
  0.000000000000000E+000   1.00000000000000        1.09802360282706     
 -0.848565700450917      -0.663610521990377        1.02551952003639     
   1.09875646784437     
  0.000000000000000E+000   1.00000000000000        1.37345707662504     
 -0.548787991807251      -0.459258256620549       0.804050898153867     
   1.18915046677839     
  0.000000000000000E+000   1.00000000000000        1.71221451024268     
 -0.111581364730823      -0.111581364730823       0.932837272163056     
  0.932837272163056     
  0.000000000000000E+000   1.00000000000000        2.12885449683842     
  0.289029888174929       0.289029888174929        1.07940232677389     
   1.07940232677389     
  0.000000000000000E+000   1.00000000000000        2.64128274550213     
  0.657985179576297       0.657985179576297        1.24582768642358     
   1.24582768642358     
  0.000000000000000E+000   1.00000000000000        3.27152160513261     
  0.999420618507494       0.999420618507494        1.43456643789372     
   1.43456643789372     
  0.000000000000000E+000   1.00000000000000        4.04665650689520     
   1.31681384988810        1.31681384988810        1.64802850053606     
   1.64802850053606     
  0.000000000000000E+000   1.00000000000000        5.00000000000000     
   1.61310086493512        1.61310086493512        1.88986449706920     
   1.88986449706920     
